823 737
189 550
148 133
277 870
107 86
857 621
917 797
730 529
555 948
262 861
559 406
779 579
594 661
806 613
705 742
911 703
642 624
641 917
354 939
169 867
119 326
143 843
247 857
94 343
755 107
486 951
485 852
907 328
272 248
630 946
934 499
478 111
594 717
409 235
414 738
318 734
198 207
564 477
946 837
845 267
292 407
961 81
991 308
731 295
643 790
647 232
188 816
504 915
667 807
92 319
690 959
456 44
253 617
344 880
48 375
494 785
824 870
205 490
295 918
918 704
111 508
3 712
293 455
95 324
644 473
926 925
156 513
104 780
954 759
869 651
854 111
884 49
901 711
983 73
313 952
364 804
514 504
874 553
737 149
426 635
513 863
402 760
815 267
99 439
594 406
694 10
339 826
134 232
914 645
381 466
850 163
382 819
919 792
776 412
549 483
551 965
379 941
279 251
523 655
305 873
156 147
916 141
95 935
532 508
69 785
186 538
257 741
682 837
773 241
694 322
140 254
208 381
672 767
848 845
917 22
222 927
484 331
511 180
699 84
327 481
977 65
175 252
586 587
764 350
739 643
774 691
61 169
393 41
21 211
353 424
731 673
588 805
642 416
433 188
451 60
679 311
673 555
343 583
965 599
813 442
703 369
604 282
156 326
175 999
659 120
984 797
640 593
264 560
431 454
285 728
792 78
460 796
841 966
531 290
958 916
727 813
671 967
317 622
647 143
999 826
140 2
714 980
892 898
132 233
199 293
96 65
33 57
146 975
656 820
351 668
729 888
130 893
671 319
386 639
873 598
205 531
69 100
328 965
287 527
775 580
528 990
635 805
914 699
626 155
134 263
557 191
437 454
822 265
378 400
436 296
152 507
862 873
351 293
432 730
220 752
710 849
863 374
748 31
796 1
969 46
418 214
454 411
92 68
538 38
746 928
581 99
449 987
187 859
679 259
177 60
455 862
596 503
492 994
160 35
548 821
358 406
591 264
257 33
425 515
897 142
924 828
656 487
133 50
577 342
707 556
178 368
811 757
877 575
718 556
17 29
1 967
870 641
419 99
263 506
541 46
478 261
258 451
572 369
369 580
534 453
906 929
153 204
747 14
859 292
469 861
10 164
532 820
907 828
402 734
197 435
651 809
53 810
610 234
428 365
146 451
302 817
141 789
842 681
689 593
917 299
640 100
533 841
443 279
760 699
416 134
479 36
544 787
926 66
702 906
944 272
569 172
181 37
995 672
40 504
608 349
911 238
636 992
222 83
434 764
398 266
229 521
842 651
733 49
889 91
581 432
432 866
22 469
111 358
284 290
665 626
97 300
502 648
331 793
132 336
158 432
540 341
147 799
950 58
423 813
213 962
438 36
938 804
11 446
863 362
318 347
490 381
203 432
175 502
590 961
658 661
936 596
186 485
880 446
145 97
260 777
595 101
991 613
131 327
540 820
195 819
302 465
374 385
189 417
394 110
610 628
813 545
683 295
499 24
300 870
62 388
203 43
974 335
870 95
995 810
750 616
662 852
381 213
175 617
725 457
910 471
241 371
663 201
848 665
646 63
971 836
1 563
640 796
588 871
230 427
925 258
374 373
747 823
371 826
192 906
490 770
501 114
165 460
704 57
789 738
869 532
465 729
81 403
988 94
528 184
167 649
110 642
15 396
527 636
158 191
322 107
947 233
639 964
154 542
143 624
382 465
588 917
726 952
734 817
841 75
904 73
585 140
757 369
609 568
322 782
754 550
515 919
565 107
344 994
618 449
936 799
198 347
609 984
473 35
339 124
920 949
724 913
676 50
498 940
968 304
396 562
503 687
711 174
751 16
92 634
998 559
355 856
810 49
996 207
737 343
194 844
333 99
95 77
306 159
109 310
578 964
427 573
547 790
387 996
245 80
28 936
279 955
755 847
493 354
912 695
173 923
172 259
854 106
700 495
579 508
990 530
206 437
376 956
208 716
260 833
875 555
658 438
411 279
70 89
408 473
835 139
515 1
257 761
37 959
959 177
202 353
240 319
829 777
761 746
677 816
401 23
59 6
76 669
261 43
584 162
373 231
908 654
281 132
909 678
287 275
756 344
534 969
963 914
298 346
678 617
873 192
548 46
317 68
420 61
480 874
441 947
829 589
259 9
747 214
687 73
471 60
165 425
806 718
619 934
28 185
823 761
763 638
703 672
732 455
905 564
937 791
55 439
929 538
218 353
435 348
91 811
74 237
176 44
536 594
221 577
222 457
697 4
444 708
938 302
735 81
933 466
181 506
217 176
775 850
648 587
417 22
983 760
588 601
325 611
467 466
968 27
29 864
730 745
819 992
157 673
741 843
646 700
29 216
456 717
283 182
14 618
449 157
651 561
157 207
683 408
209 303
922 745
487 970
698 294
701 609
540 342
512 719
522 872
699 527
978 562
967 937
161 203
473 919
396 798
34 382
524 76
567 887
720 235
15 169
489 136
301 572
748 445
937 451
654 996
272 879
565 89
644 578
481 275
426 657
258 349
951 900
992 592
71 615
273 638
485 529
741 429
269 685
563 621
76 809
271 610
718 225
347 154
409 964
78 295
469 20
822 568
819 489
744 371
442 392
618 923
996 822
548 930
99 690
932 810
990 607
695 336
996 914
344 324
215 336
465 697
37 597
199 854
202 60
670 950
743 579
310 226
189 851
683 934
64 290
973 124
381 615
575 263
600 238
286 111
443 632
135 167
73 584
966 298
234 621
976 278
708 675
879 645
502 635
150 39
10 476
709 691
638 386
318 179
861 768
583 411
275 293
700 514
591 147
937 702
895 421
279 473
971 553
758 622
846 419
759 501
782 561
926 146
699 435
898 507
685 980
501 20
553 292
242 670
365 91
422 31
621 487
632 34
828 42
741 689
166 704
62 25
570 835
34 220
298 986
567 926
140 648
371 819
677 340
970 116
100 632
681 37
37 290
567 914
132 499
110 952
707 648
917 479
664 100
832 239
817 785
256 935
611 504
287 615
794 626
2 520
544 159
505 578
742 996
275 279
478 531
446 952
177 472
769 537
788 632
640 35
880 758
636 41
24 135
786 580
480 40
337 938
609 783
959 735
839 291
570 291
90 153
623 820
536 792
305 147
423 308
696 653
671 528
114 810
402 443
934 756
879 722
54 148
178 255
802 535
724 939
843 74
752 886
225 598
59 262
233 259
964 472
794 237
110 901
270 481
592 112
920 148
960 367
425 592
668 67
921 434
382 955
156 177
87 919
308 601
528 301
823 335
184 379
323 454
783 161
289 441
539 92
75 415
248 121
431 23
181 390
576 497
822 228
412 387
201 28
240 922
965 14
586 798
508 156
486 197
428 205
179 64
92 969
874 237
443 529
286 752
708 522
639 6
597 372
361 708
913 827
855 205
692 555
174 886
824 223
793 323
263 708
499 497
308 528
497 573
193 470
607 534
384 154
728 34
382 613
714 324
652 618
163 733
716 306
777 63
303 231
586 837
737 811
403 305
985 317
536 590
952 233
954 142
504 821
68 41
855 345
293 625
897 39
482 898
563 473
833 444
31 91
782 19
95 160
215 851
250 997
845 254
986 492
825 574
144 572
37 865
699 722
332 205
598 743
380 219
165 956
794 539
960 16
154 568
62 498
770 318
575 926
867 902
732 926
133 354
715 214
647 932
29 525
478 314
968 425
838 579
598 796
825 143
119 711
655 794
913 882
179 221
241 829
474 495
143 991
819 996
632 223
437 892
886 715
476 740
342 809
149 943
82 16
127 193
614 69
908 3
858 216
348 332
341 793
521 797
801 603
135 955
666 308
894 337
107 942
660 879
668 284
174 21
951 759
343 495
870 60
812 299
82 942
139 85
57 700
240 539
59 181
176 860
933 956
22 830
321 179
394 634
513 479
176 37
865 643
603 707
125 736
997 656
827 95
508 682
245 591
961 383
597 507
638 625
808 877
856 595
196 220
360 994
743 185
799 649
865 452
471 528
929 182
30 70
973 235
788 643
339 310
799 323
393 811
440 565
448 244
88 880
735 842
604 892
93 352
1 161
961 417
365 582
982 842
149 44
251 177
270 558
880 232
755 240
446 560
887 161
286 772
564 399
698 7
283 156
692 345
112 274
668 385
213 830
762 176
579 902
227 441
1 687
44 502
442 730
630 237
309 568
539 26
710 269
33 61
424 673
637 123
673 607
80 178
645 245
838 217
779 779
93 847
618 777
439 386
282 785
659 307
733 822
680 175
372 318
509 869
644 765
155 515
613 170
164 610
921 425
229 244
34 954
71 851
875 700
395 465
260 850
130 691
879 498
984 189
240 734
742 182
149 561
722 644
987 482
947 99
199 676
980 805
881 330
901 338
544 357
404 380
468 628
565 522
600 660
749 660
373 650
67 548
275 933
432 977
606 795
111 314
518 914
666 728
617 94
334 244
312 658
490 595
866 204
877 115
723 940
451 166
691 834
531 657
865 353
314 340
661 423
967 454
441 653
205 674
796 804
162 489
909 131
591 236
372 277
899 945
940 202
